-0.995405 0.0957554 -6666.29 1039.36
-0.999897 0.0143719 -6249.17 400.944
-0.961371 -0.275255 -5516.25 -1616.42
-0.990599 0.136797 -5204.09 1075.99
-0.99931 0.0371328 -4712.8 417.527
-0.996182 0.0872976 -4162.03 698.616
-0.983369 0.181619 -3611.11 1155.01
-0.999974 0.007149 -3235.31 330.506
-0.993993 -0.10944 -2751.88 -144.697
-0.994659 0.103214 -2255.24 566.005
-0.970788 0.239937 -1649.53 874.255
-0.959134 0.282954 -1094.42 875.267
-0.998948 0.0458482 -681.665 351.533
-0.970157 -0.242477 -181.423 -18.5524
-0.970913 0.239434 607.831 414.834
-0.969181 0.246351 1045.57 299.567
