700 700
180 421
300 144
660 550
780 406
1020 389
1140 299
700 700
420 422
540 146
780 229
900 408
1020 132
700 700
420 422
540 146
780 229
900 408
1020 132
700 700
420 422
540 146
780 229
900 408
1020 132
700 700
180 512
300 317
420 413
1020 315
1140 516
700 700
180 138
300 269
420 365
660 243
780 179
1140 423
700 700
180 289
780 343
1020 324
1140 480
700 700
420 551
660 130
700 700
180 370
300 404
780 344
1140 242
700 700
300 469
540 264
780 341
900 482
1020 430
1140 132
700 700
300 234
660 226
900 389
1140 187
700 700
180 363
420 396
660 146
780 346
1020 458
1140 314
700 700
420 516
540 513
660 535
700 700
300 455
420 404
780 115
1020 342
700 700
100 580
300 500
500 420
300 340
500 260
300 180
700 700
100 580
300 500
500 420
300 340
500 260
300 180
